GEO_COD	Cult_2010	Cult_2011	Cult_2012	Cult_2013	Cult_2014
3509106	5853	5771	5719	5446	5546
3511003	26495	26193	28235	28429	31445
3514403	10610	11326	11629	12562	13436
3515301	4490	4513	5463	6315	7639
3515350	1533	2524	2455	3344	4021
3528700	14399	14357	15281	18050	19642
3530201	6350	11070	13265	14660	19404
3531605	3945	4591	4750	5404	6721
3532207	10525	12097	13449	13782	14399
3533106	666	636	652	692	929
3534807	8043	8464	8903	9177	10191
3535408	2635	2627	2747	6524	8774
3536406	9526	9743	10080	11704	12353
3538303	2997	2642	2715	2669	2560
3541208	3996	3897	3668	3634	3724
3541307	1391	1382	2313	7388	11290
3541505	8635	9054	9707	9879	10431
3543238	4131	4248	4242	4180	4408
3544251	2350	2872	2873	5693	6371
3545506	15080	15662	15747	17167	18823
3547106	4058	4680	5020	5660	6665
3547700	4671	4642	4373	4510	4730
3549300	3747	3770	3930	4159	4654
3553906	2047	2810	3299	4091	4253
3554300	27741	27422	30481	30812	33068
3555109	4573	4697	5282	6105	7426
3500105	15847	15672	15116	15151	15060
3500204	3933	5253	5399	6225	6214
3500303	12337	12554	12597	12404	12778
3500402	76	76	76	73	8
3500501	0	0	0	0	0
3500550	4021	4000	4113	4957	5473
3500600	0	0	0	0	0
3500709	15565	15800	15531	14468	15207
3500758	418	419	437	574	574
3500907	12003	12412	12913	13224	15060
3501004	24905	24532	24470	24574	24361
3501103	12280	13384	13589	13923	14635
3501152	0	0	0	0	0
3501202	3835	4502	5406	7201	8725
3501400	0	0	0	0	0
3501509	0	0	0	0	0
3501608	2391	2268	2157	2139	2073
3501707	8118	8021	8108	8138	8143
3501806	3247	4046	4680	5721	6262
3501905	2746	2745	2667	2568	2405
3502002	5435	5296	5392	6928	7148
3502200	1617	1577	1551	1561	1155
3502309	6971	7067	6247	6188	7600
3502507	0	0	0	0	0
3502606	1313	1425	1425	1439	1469
3502705	0	0	0	0	0
3502754	0	0	0	0	0
3502804	37756	37801	38236	37460	38623
3502903	585	568	558	628	594
3503000	14858	14650	14216	14571	14637
3503109	2398	2356	2613	2599	2560
3503158	0	0	0	0	0
3503208	48519	48205	48494	48590	49269
3503307	31386	31209	31232	30913	31928
3503356	4977	5181	5429	6075	7838
3503406	7894	7832	7829	8271	9173
3503505	0	0	0	0	0
3503604	6720	6692	6684	6606	6518
3503703	9721	9626	9527	9539	9550
3503802	2148	2180	2281	2351	2515
3503901	0	0	0	0	0
3503950	77	77	404	424	530
3504008	13691	13934	13929	14058	14066
3504107	0	0	0	0	0
3504206	5993	5920	5822	7238	9102
3504305	4797	5002	4766	4308	3971
3504404	21543	21265	22019	21730	21506
3504503	15687	16364	17233	17598	18378
3504602	2206	2100	2134	1849	1993
3504701	1113	1717	2281	3087	3720
3504800	4311	4334	4497	4678	4619
3504909	0	0	0	0	0
3505005	0	0	0	0	0
3505104	7676	7713	8184	7975	9289
3505203	24770	24342	24256	24816	24597
3505302	10089	10067	10049	9983	9998
3505351	0	0	0	0	0
3505401	0	0	0	0	0
3505500	70670	72035	73668	75490	76787
3505609	11032	11089	11042	11046	10955
3505708	0	0	0	0	0
3505807	2062	2045	2352	2396	2483
3505906	47560	47498	47701	47029	47774
3506003	1179	896	917	930	1191
3506102	32886	33017	34593	35325	36097
3506201	17957	17667	16832	17112	17334
3506300	7746	7638	7482	7412	7472
3506359	0	0	0	0	0
3506409	3996	4149	4377	5186	5576
3506508	10855	10962	10957	11359	12199
3506607	0	0	0	0	0
3506706	26878	26359	27139	27763	29234
3506805	16770	16802	16317	16233	16196
3506904	92	92	93	139	60
3507001	6568	6468	6406	6372	6227
3507100	0	0	0	0	0
3507159	0	0	0	0	0
3507209	3594	3651	3631	3889	4380
3507308	7381	7324	7356	7362	7325
3507407	25357	25839	26349	26881	27770
3507456	6694	6795	6351	6087	6061
3507506	21620	21517	22446	22747	22922
3507605	0	0	0	0	0
3507704	8121	8378	8487	8593	8697
3507753	2711	3176	3184	3168	3256
3507803	14282	14254	14359	14229	14283
3507902	28096	28371	28138	28520	30195
3508009	204	204	218	203	196
3508108	4635	4484	4749	5115	6292
3508207	10965	10814	10884	10941	11212
3508306	2042	2045	1961	1825	2328
3508405	0	0	0	0	0
3508504	0	0	0	0	0
3508603	0	0	0	0	0
3508702	572	662	519	495	508
3508801	29507	29562	29906	32176	34639
3508900	7714	7772	7456	7259	7227
3509007	0	0	0	0	0
3509205	0	0	0	0	0
3509254	0	0	0	0	0
3509304	7027	6931	7264	7384	7904
3509403	21586	21587	21831	21197	21579
3509452	945	914	914	914	480
3509502	2122	2136	2144	2034	2012
3509601	0	0	0	0	0
3509700	0	0	0	0	0
3509809	6950	6970	7033	7025	7943
3509908	0	0	0	0	0
3509957	0	0	0	0	0
3510005	23476	21335	22488	22777	23258
3510104	2627	2610	2622	2565	2604
3510153	3954	3745	3726	3828	3730
3510203	0	0	0	0	0
3510302	1393	1467	1489	1483	1440
3510401	21461	21501	21369	21249	21050
3510500	0	0	0	0	0
3510609	0	0	0	0	0
3510708	6267	7989	8953	11633	13308
3510807	17350	16852	16787	17072	17626
3510906	1267	1317	1486	1509	1490
3511102	16045	16121	16073	16025	16036
3511201	10903	10900	10837	10806	10816
3511300	6709	6776	6653	6678	6761
3511409	10249	10358	10651	11385	12778
3511508	3216	3107	3132	3089	3044
3511607	5782	5814	5633	5548	5233
3511706	8996	8916	8763	8656	8627
3511904	6366	6456	6531	6680	7097
3512001	23721	24278	24467	24509	25149
3512100	28963	29715	30233	32413	33315
3512209	972	962	997	1032	1126
3512308	1929	2010	2083	2176	2788
3512407	7486	7510	7424	7325	7324
3512506	9010	9353	9395	9741	10155
3512605	1528	1559	1562	1427	1067
3512704	4942	5067	5112	4749	4650
3512803	6731	6847	6820	6806	6773
3512902	8667	8959	9235	9848	11775
3513009	0	0	0	0	0
3513108	21575	21611	21485	21427	21603
3513207	1742	1901	2916	3274	3919
3513306	3439	3447	3268	3269	3336
3513405	0	0	0	0	0
3513504	0	0	0	0	0
3513603	0	0	0	0	0
3513702	26021	28050	29158	29577	31692
3513801	0	0	0	0	0
3513850	0	67	67	194	1185
3513900	99	106	106	93	74
3514007	12252	12269	12175	12227	12205
3514106	36554	36137	35237	34887	34483
3514205	701	926	1640	1640	2140
3514304	7006	6844	6665	6681	6724
3514502	470	480	457	421	449
3514601	8999	8896	8881	8885	8927
3514700	6992	6754	7118	7082	6867
3514809	0	0	0	0	0
3514908	8877	8797	8568	8268	7948
3514924	5506	5559	5565	5543	5525
3514957	3478	3437	4384	4412	4735
3515004	0	0	0	0	0
3515103	0	0	0	0	0
3515152	1755	1880	2017	2161	2313
3515186	2115	2284	2209	2133	2121
3515194	5295	5412	5426	5541	6013
3515202	4461	5108	5698	6622	7274
3515400	223	223	240	240	234
3515509	9558	10515	11747	13108	15333
3515608	7911	7890	7989	7927	8134
3515657	256	247	240	240	228
3515707	0	0	0	0	0
3515905	5702	5738	6044	6841	8537
3516002	21134	21099	21183	21011	23916
3516101	10179	9888	10140	10064	9876
3516200	7578	7524	7506	7427	7600
3516309	0	0	0	0	0
3516408	0	0	0	0	0
3516507	3596	3526	3493	3817	4276
3516606	5	2	2	2	0
3516705	0	0	0	0	0
3516804	5218	4848	5097	5843	6594
3516853	8754	8831	9437	10473	11459
3516903	11837	11727	11951	12837	15018
3517000	24148	23897	24457	24980	24187
3517109	11351	11789	11763	12153	13031
3517208	10614	10390	10661	10844	11538
3517307	4305	4767	4649	4861	4991
3517406	61018	61752	61954	63610	65833
3517505	16703	16684	17042	16970	17205
3517604	0	0	0	0	0
3517703	25328	25543	25791	25926	26258
3517901	22460	22329	22837	25702	28611
3518008	219	460	942	1652	2125
3518107	8036	7990	7922	8232	8458
3518206	42407	42653	41969	43528	43696
3518305	0	0	0	0	0
3518404	0	0	0	0	0
3518503	4759	4767	4772	4648	4539
3518602	22567	22618	22442	22332	22278
3518701	0	0	0	0	0
3518800	0	0	0	0	0
3518859	24432	24428	24713	24933	25058
3518909	4052	3986	4032	4023	3878
3519006	6714	6638	7802	8770	10111
3519055	469	484	494	427	552
3519071	40	40	0	0	0
3519105	15843	16218	16269	17898	18793
3519204	6890	7262	7756	8122	8601
3519253	4680	4723	4369	5631	5972
3519303	14537	14370	14194	14481	14650
3519402	11115	11616	11906	11858	11722
3519501	10177	9993	9842	9632	9461
3519600	22656	23870	24513	25478	26954
3519709	0	0	0	0	0
3519808	12665	14032	14777	14264	14520
3519907	11949	11717	11733	11704	13184
3520004	7398	7417	7417	7418	7298
3520103	24878	24661	24527	24315	24603
3520202	0	0	0	0	0
3520301	0	0	0	0	0
3520400	0	0	0	0	0
3520426	0	0	0	0	0
3520509	2666	2597	2616	2609	2606
3520608	77	77	77	77	77
3520707	1797	2167	2490	3388	4945
3520806	2456	2299	2260	2389	2539
3520905	11712	11389	11633	11192	11246
3521002	1380	1308	1214	1243	1160
3521101	5937	6000	6034	5964	6018
3521150	2491	3206	3259	3291	3576
3521200	0	0	0	0	0
3521309	32299	32290	32616	32556	33071
3521408	8067	8042	7945	7958	7854
3521507	8622	8637	8940	9053	9240
3521705	1235	1235	1240	1228	1182
3521804	18397	18055	17711	17571	18387
3521903	26412	26599	26585	26666	26863
3522000	8200	8265	8076	8314	8589
3522109	0	0	0	0	0
3522158	0	0	0	0	0
3522208	0	0	0	0	0
3522307	11160	11460	11542	11627	11315
3522406	4039	3813	4017	4167	4229
3522505	0	0	0	0	0
3522604	7427	7495	7417	7457	7299
3522653	0	0	0	0	0
3522703	35374	36356	40310	41227	43254
3522802	516	516	534	515	464
3522901	10105	9968	9928	9857	9804
3523107	0	0	0	0	0
3523206	0	0	0	0	0
3523305	0	0	0	0	0
3523404	173	173	163	163	149
3523503	1856	2108	2234	3035	3927
3523602	8523	8434	8492	8489	10381
3523701	167	222	400	389	429
3523800	1623	1567	1576	1575	1459
3523909	1753	1794	1954	1932	1898
3524006	74	74	74	74	74
3524105	43982	43992	44127	45194	45476
3524204	19818	19394	19710	19894	20039
3524303	55065	54988	54762	54556	54738
3524402	0	0	0	0	0
3524501	5410	5350	5388	5496	5706
3524600	0	0	0	0	0
3524709	2558	2558	2578	2561	2437
3524808	1112	1430	2081	3826	5073
3524907	0	0	0	0	0
3525003	0	0	0	0	0
3525102	33911	33774	33691	33134	33505
3525201	0	0	0	0	0
3525300	47021	46803	46637	46421	46285
3525409	4217	3956	4241	4286	4272
3525508	0	0	0	0	0
3525607	14520	15703	15776	16527	16672
3525706	27240	27628	30898	34235	35764
3525805	234	324	324	460	499
3525854	597	519	448	439	478
3525904	0	0	0	0	0
3526100	0	0	0	0	0
3526209	0	0	0	0	0
3526308	0	0	0	0	0
3526407	9761	9755	9743	9632	9318
3526506	17875	18622	18361	18473	19539
3526605	0	0	0	0	0
3526704	18146	18003	18378	18106	18322
3526803	43716	43654	43537	43211	42499
3526902	14717	14443	14045	14038	14230
3527009	0	0	0	0	0
3527108	24260	23758	23771	25752	26904
3527207	0	0	0	0	0
3527256	4077	3840	4082	4378	4533
3527306	0	0	0	0	0
3527405	10912	10661	10569	10373	10625
3527504	1718	1711	1740	1592	1523
3527603	28650	28902	29131	29589	29286
3527702	5462	5718	5711	5868	5954
3527801	0	0	0	0	28
3527900	10188	10218	10520	11594	12289
3528007	16830	16822	16528	16464	16520
3528106	7179	7188	7583	8178	9326
3528205	3574	4905	5717	7937	10514
3528304	9074	9155	10122	12401	14550
3528403	0	0	0	0	0
3528502	0	0	0	0	0
3528601	3348	3921	4115	4205	4493
3528809	17925	17870	17845	17663	17801
3528858	6473	6596	6561	6560	6554
3528908	1736	1734	1747	1703	1430
3529005	3698	3639	3648	3889	4697
3529104	0	18	18	18	323
3529203	27535	27774	30150	31926	34919
3529302	17309	17404	18729	21522	23082
3529401	0	0	0	0	0
3529500	4223	4239	4905	5813	5858
3529609	3840	4459	5164	5981	6784
3529658	4107	4960	5080	5592	6007
3529708	41835	42413	43320	43542	43850
3529807	13143	12953	12627	12407	12235
3529906	0	0	0	0	0
3530003	202	209	330	700	1726
3530102	18045	19228	20811	23030	26643
3530300	4946	5133	5155	4976	5233
3530409	3546	3490	3663	3751	4042
3530508	21599	21702	21536	21834	21532
3530607	0	0	0	0	0
3530706	9830	9721	9655	9668	9870
3530805	7330	7375	7238	7432	7771
3530904	8730	8639	8585	8571	8456
3531001	3115	3363	3398	3596	4153
3531100	0	0	0	0	0
3531209	0	0	0	0	0
3531308	10664	10650	10567	10311	10085
3531407	17364	17674	17910	17996	18603
3531506	9430	9516	9939	10136	10571
3531704	0	0	0	0	0
3531803	6499	6407	6332	6275	6270
3531902	106206	105460	105302	105329	105744
3532009	375	375	372	372	368
3532058	16412	16315	16379	16266	16015
3532108	3942	3999	4026	3913	4438
3532157	5691	5807	5827	5689	5261
3532306	0	0	0	0	0
3532405	0	0	0	0	0
3532504	7813	7830	7992	8216	8930
3532603	13093	13283	13691	14151	16273
3532702	5652	5338	5447	5698	5879
3532801	7567	7671	8038	8384	8897
3532827	0	0	0	0	0
3532843	558	508	508	475	509
3532868	4987	5085	5187	6230	7581
3532900	7154	7208	7627	7978	9117
3533007	9720	9472	10618	11659	13170
3533254	7954	8008	8059	8122	8205
3533304	1297	1347	1333	1346	1657
3533403	1682	1364	1339	1397	1439
3533502	40892	40996	41261	41465	41381
3533601	22892	22501	22814	22659	22924
3533700	434	434	434	433	750
3533809	2084	1928	2036	2000	4074
3533908	36650	37076	38520	38830	40168
3534005	11055	11041	11331	11145	11259
3534104	1917	1983	1984	1985	1985
3534203	15303	14773	15027	14919	14977
3534302	20052	19907	19859	19533	19485
3534401	0	0	0	0	0
3534500	207	217	217	207	207
3534609	4389	4411	4461	4322	4384
3534708	13409	13410	13182	13118	13282
3534757	4513	5676	5917	6172	7611
3534906	10625	9944	9967	10705	11361
3535002	21745	23262	24228	24065	25330
3535101	6112	6096	5998	5987	5968
3535200	170	346	260	294	876
3535309	24917	24352	23850	24197	24431
3535507	55725	54567	56039	55848	56444
3535606	0	0	0	0	0
3535705	7928	7844	8007	8090	8422
3535804	2805	2839	2805	2884	2878
3535903	828	2454	2688	2854	4156
3536000	11501	11842	11847	11814	11812
3536109	285	285	285	258	258
3536208	0	0	0	0	0
3536257	1018	1155	1343	1476	1702
3536307	12978	13002	13544	13661	13949
3536505	2804	2769	2652	2659	2580
3536570	1365	1361	1376	1399	1841
3536604	26980	27048	28368	28558	31086
3536703	37438	37561	37205	37197	37636
3536802	0	0	0	0	0
3536901	3181	3420	4247	5330	6544
3537008	5209	5247	5079	5158	5627
3537107	167	167	167	167	104
3537156	2388	2460	2461	2455	2480
3537206	0	0	0	0	0
3537305	36351	37247	37609	37869	38874
3537404	21569	23282	23901	25108	28885
3537503	993	1135	1107	1162	1166
3537602	0	0	0	0	0
3537701	6203	6266	6052	5956	6516
3537800	0	0	0	0	0
3537909	0	0	0	0	0
3538006	0	0	0	0	0
3538105	10937	10961	10710	10658	10747
3538204	0	0	0	0	0
3538501	0	0	0	0	0
3538600	0	0	0	0	0
3538709	52440	51238	50858	49968	49867
3538808	3630	3892	3994	4156	4686
3538907	15637	15340	14786	15722	18410
3539004	10864	10927	11143	11011	11039
3539103	0	0	0	0	0
3539301	26684	26592	27294	27523	27524
3539400	838	838	839	998	2011
3539509	34132	34181	34042	33909	34132
3539608	11997	12885	13490	14098	14904
3539707	7297	6800	6908	8764	9408
3539806	0	0	0	0	0
3539905	4906	5010	5117	5234	5285
3540002	10687	11156	12185	13220	15213
3540101	2893	3357	3743	4103	5438
3540200	28260	28204	28123	28003	28229
3540259	2785	3158	3288	4326	4989
3540309	10261	10388	10482	10162	10188
3540408	8666	8814	9633	11485	12438
3540507	436	436	564	524	570
3540606	20365	20189	20125	19813	19329
3540705	8333	8312	8358	8782	9573
3540754	0	0	0	0	0
3540804	10848	11146	11195	11216	11387
3540853	951	946	898	696	470
3540903	10607	10581	10696	10726	10728
3541000	0	0	0	0	0
3541059	6015	6054	5933	6017	5975
3541109	1936	1938	1940	1850	1971
3541604	24655	24405	24698	25065	25986
3541653	2880	2731	2731	2709	2512
3541703	27781	29115	30385	31129	32066
3541802	6902	8253	8866	10395	11203
3541901	0	0	0	0	0
3542008	3343	3416	3393	3468	5888
3542107	8386	8343	8336	8231	8196
3542206	25466	29707	30904	33619	40359
3542305	0	0	0	0	0
3542404	1413	1565	1427	1249	1320
3542503	6105	6156	6252	6922	7609
3542602	0	0	0	0	0
3542701	10219	10191	10281	10218	10371
3542800	0	0	0	0	0
3542909	17242	17425	18144	18304	18737
3543006	0	0	0	0	0
3543105	1983	2104	2145	2145	2215
3543204	3549	3542	3424	3358	3145
3543253	0	0	0	0	0
3543303	0	0	0	0	0
3543402	32486	32227	32080	31759	30895
3543501	0	0	0	0	0
3543600	1530	1640	1620	1544	1898
3543709	17102	17002	17047	16882	17178
3543808	6194	6734	6827	6773	7773
3543907	11749	11633	11610	11614	11403
3544004	14970	14907	14805	14648	14381
3544103	0	0	0	0	0
3544202	15391	16383	16936	18215	20121
3544301	0	0	0	0	0
3544400	9572	9994	9887	9817	9731
3544509	2032	2053	2053	2040	2537
3544608	7249	7136	7028	9169	9135
3544707	4885	4856	4759	4670	4767
3544806	8701	9611	9565	10131	10862
3544905	20251	20181	19996	19578	19887
3545001	0	0	0	0	0
3545100	6515	6544	6559	6554	6615
3545159	3934	3871	3797	3701	3673
3545209	1317	1516	1571	1574	1533
3545308	0	0	0	0	0
3545407	4639	3784	3533	3318	3055
3545605	22083	22128	21892	22238	22303
3545704	836	1177	1594	2643	3554
3545803	16970	16799	16718	16540	16113
3546009	0	0	0	0	0
3546108	0	0	0	0	446
3546207	3988	4013	4221	4179	4481
3546256	6222	6369	6410	6627	6594
3546306	15489	15474	16337	16193	16392
3546405	27692	27578	28549	29150	29276
3546504	10709	10792	10790	10773	10800
3546603	86	141	141	141	188
3546702	6149	5986	5968	5932	5799
3546801	0	0	0	0	0
3546900	10065	9870	9815	9514	9646
3547007	6620	6260	6142	5956	5884
3547205	421	421	729	754	1134
3547304	0	0	0	0	0
3547403	572	726	1091	3855	4351
3547502	17795	17716	18717	19284	20127
3547601	10795	10827	10897	10447	10468
3547650	0	0	0	0	13
3547809	0	0	0	0	0
3547908	2850	2995	3171	2937	3186
3548005	3285	3331	3252	3185	3248
3548054	33930	33247	33924	36233	38313
3548104	0	0	0	0	0
3548203	0	0	0	0	0
3548401	4944	4844	4822	4891	5079
3548500	0	0	0	0	0
3548609	0	0	0	0	0
3548708	0	0	0	0	0
3548807	0	0	0	0	0
3548906	38084	37943	38349	38632	39461
3549003	0	94	552	682	1172
3549102	8311	7923	7829	7829	7810
3549201	945	1580	1883	2313	2601
3549250	6419	6653	6840	6838	7341
3549409	29555	29455	29533	29508	29368
3549508	15080	15165	15187	15085	15095
3549607	0	0	0	0	0
3549706	2890	2928	2929	2895	2792
3549805	6331	6304	6261	6321	6467
3549904	0	0	0	0	0
3549953	0	0	0	0	0
3550001	0	0	0	0	0
3550100	36386	36638	36692	37497	37196
3550209	0	0	0	0	0
3550308	0	0	0	0	0
3550407	12774	12141	11981	12047	12934
3550506	7440	7413	7236	6762	6776
3550605	0	0	0	0	0
3550704	0	0	0	0	0
3550803	782	794	774	761	704
3550902	23493	23085	23648	23579	24577
3551009	0	0	0	0	0
3551108	330	330	330	392	366
3551207	943	943	1089	1029	857
3551306	6881	6874	6850	6776	7195
3551405	16059	16098	15947	15651	15814
3551504	8164	8134	8135	8064	8170
3551603	594	594	587	524	408
3551702	29349	29137	29076	28850	28733
3551801	0	0	0	0	0
3551900	6942	6950	7159	7150	7270
3552007	0	0	0	0	0
3552106	0	0	0	0	0
3552205	1106	1109	1325	1377	1229
3552304	15648	15460	15025	13299	14334
3552403	3103	2893	2506	2334	2230
3552502	0	0	0	0	0
3552551	6832	7006	6768	7328	8693
3552601	18709	19064	19359	18803	19022
3552700	8364	8332	9430	10119	11292
3552809	0	0	0	0	0
3553005	12	12	12	0	0
3553104	5144	5252	5498	5519	5645
3553203	8148	8234	8402	8498	8470
3553302	19844	19189	19390	19151	20262
3553401	17321	18218	19381	21525	24107
3553500	0	0	0	0	0
3553609	3874	3956	3941	3874	3989
3553658	1480	1598	1746	1844	1815
3553708	30836	31062	31879	31864	32779
3553807	3510	3488	3229	2971	3269
3553856	0	0	0	0	0
3553955	22700	22317	22699	22473	22401
3554003	11666	11195	11263	10934	10442
3554102	0	0	0	0	0
3554201	407	407	407	491	347
3554409	16430	16314	16539	16622	17037
3554508	12626	12452	12429	12138	11641
3554607	258	258	258	245	213
3554656	0	0	0	0	0
3554706	9716	9505	9350	9277	8707
3554755	3135	3139	3134	3147	3099
3554805	0	0	0	0	0
3554904	741	826	742	671	1162
3554953	0	0	0	0	0
3555000	7368	7992	9719	11401	11766
3555208	4067	4091	4236	4442	4465
3555307	537	513	1780	2658	3448
3555356	8821	8747	9824	10990	11240
3555406	0	0	0	0	0
3555505	276	276	320	304	311
3555604	13011	12925	13095	13196	13519
3555703	3221	3291	3318	3294	3713
3555802	710	860	1136	1177	2264
3555901	1558	2005	2092	2090	4805
3556008	14807	14858	14775	14975	15231
3556107	2401	2610	2846	3039	3744
3556206	3	3	3	3	3
3556305	44910	48207	47748	49939	52262
3556354	0	0	0	0	0
3556404	6699	6467	6560	6556	6399
3556453	0	0	0	0	0
3556503	0	0	0	0	0
3556602	0	0	0	0	0
3556701	0	0	0	0	0
3556800	16970	17080	17285	17228	17245
3556909	4634	4605	4536	4429	4371
3556958	166	166	365	356	450
3557006	0	0	0	0	0
3557105	7634	7907	8104	8471	10657
3557154	8176	8339	8602	8885	9915
3557204	11818	11995	12064	11940	11665
3557303	1041	1106	1155	1154	1139
3500808	0	0	0	0	0
3501301	66	61	61	0	0
3502101	25416	27911	29800	31800	34373
3502408	6427	7482	7642	7571	7630
3515129	4346	4369	4356	4330	4170
3515806	6718	6684	6781	6813	6737
3517802	12751	13278	15050	15360	17230
3520442	14874	15374	16266	16511	18903
3521606	3209	3401	3608	3772	4400
3523008	9549	10250	10309	10278	10939
3526001	19125	20707	21706	22782	24444
3533205	9480	10265	10789	10718	12081
3539202	19546	20219	20237	20713	20804
3541406	8473	8353	8032	8095	8132
3548302	1715	1715	1698	1552	1519
3552908	15693	16707	18670	18305	20253
